% 03/16/23 File data originated from Matpower data file
% 

Bus.con = [ ...
      1      345    1.031  -0.2141    1    1;
      2      345    1.002  -0.2502    1    1;
      3      345   0.9535  -0.3343    1    1;
      4      345    0.931  -0.3363    1    2;
      5      345   0.9174  -0.3049    1    2;
      6      345   0.9186  -0.2919    1    2;
      7      345   0.8626  -0.3252    1    2;
      8      345     0.88  -0.3322    1    2;
      9      345   0.9788  -0.2449    1    2;
     10      345   0.9562  -0.2565    1    2;
     11      345   0.9429  -0.2703    1    2;
     12      138   0.9449  -0.3003    1    2;
     13      345   0.9523  -0.2722    1    2;
     14      345   0.9465  -0.3029    2    3;
     15      345   0.9565   -0.314    2    3;
     16      345   0.9767  -0.2878    2    3;
     17      345   0.9749  -0.3076    1    1;
     18      345   0.9652  -0.3262    1    1;
     19      345     1.03  -0.2038    2    4;
     20      138   0.9798  -0.2297    2    4;
     21      345    0.993  -0.2428    2    3;
     22      345    1.029  -0.1615    2    3;
     23      345    1.023  -0.1651    2    4;
     24      345   0.9871  -0.2857    2    3;
     25      345    1.021  -0.2356    1    1;
     26      345     1.01  -0.2661    1    1;
     27      345   0.9876  -0.3071    1    1;
     28      345     1.02  -0.2014    2    3;
     29      345    1.024  -0.1509    2    3;
     30     34.5    1.005  -0.2041    1    1;
     31     34.5   0.9064  -0.1583    1    2;
     32       21   0.9752  -0.1068    1    2;
     33       21   0.9972   -0.112    2    4;
     34     15.5    1.012  -0.1387    2    4;
     35     15.5    1.049 -0.07315    2    3;
     36     12.5    1.063 -0.02552    2    4;
     37     12.5    1.028  -0.1139    1    1;
     38     34.5    1.026 -0.02585    2    3;
     39      345     1.03  -0.1913    1    2;
   ];

SW.con = [ ...
     39     1199      345     1.03  -0.1913   0.4794  -0.1445     1.05     0.95   0.6012 1 1  1;
   ];

PV.con = [ ...
  30      275     34.5   0.9091    1.048    0.557  -0.2112     1.05     0.95 1  1;
  31      836     34.5   0.6853     1.04   0.5141  -0.1467     1.05     0.95 1  1;
  32    843.7       21   0.7704   0.9831   0.5295  -0.2136     1.05     0.95 1  1;
  33     1175       21    0.538   0.9972   0.4666   -0.182     1.05     0.95 1  1;
  34     1080     15.5   0.4703    1.012   0.5661  -0.1741     1.05     0.95 1  1;
  35     1086     15.5   0.5987    1.049   0.5469  -0.2164     1.05     0.95 1  1;
  36     1025     12.5   0.5462    1.063   0.5544   -0.243     1.05     0.95 1  1;
  37    970.2     12.5   0.5566    1.028   0.4571  -0.2228     1.05     0.95 1  1;
  38     1684     34.5   0.4928    1.026   0.4957  -0.2119     1.05     0.95 1  1;
  10      900      345   0.1111    1.004   0.3287  -0.3287     1.05     0.95 1  1;
  20      900      138   0.1667    1.004   0.3287  -0.3287     1.05     0.95 1  1;
   2      900      345   0.2222    1.004   0.3287  -0.3287     1.05     0.95 1  1;
  25      900      345   0.2778    1.004   0.3287  -0.3287     1.05     0.95 1  1;
   ];

PQ.con = [ ...
   3 100      345        6      2.5     1.05     0.95 0 1;
   4 100      345      4.5     1.84     1.05     0.95 0 1;
   7 100      345    2.338      8.4     1.05     0.95 0 1;
   8 100      345     5.22     1.76     1.05     0.95 0 1;
  12 100      138      1.2      0.3     1.05     0.95 0 1;
  15 100      345      3.2     1.53     1.05     0.95 0 1;
  16 100      345    3.294     3.23     1.05     0.95 0 1;
  18 100      345     1.58      0.3     1.05     0.95 0 1;
  20 100      138      6.8     1.03     1.05     0.95 0 1;
  21 100      345     2.74     1.15     1.05     0.95 0 1;
  23 100      345    2.475    0.846     1.05     0.95 0 1;
  24 100      345    3.086   -0.922     1.05     0.95 0 1;
  25 100      345     2.24    0.472     1.05     0.95 0 1;
  26 100      345     1.39     0.17     1.05     0.95 0 1;
  27 100      345     2.81    0.755     1.05     0.95 0 1;
  28 100      345     2.06    0.276     1.05     0.95 0 1;
  29 100      345    2.835    1.269     1.05     0.95 0 1;
  31 100     34.5      0.8      0.4     1.05     0.95 0 1;
  39 100      345        4      2.5     1.05     0.95 0 1;
   1 100      345        0        0     1.05     0.95 0 1;
   5 100      345        0        0     1.05     0.95 0 1;
   6 100      345        0        0     1.05     0.95 0 1;
   9 100      345        0        0     1.05     0.95 0 1;
  11 100      345        0        0     1.05     0.95 0 1;
  13 100      345        0        0     1.05     0.95 0 1;
  14 100      345        0        0     1.05     0.95 0 1;
  17 100      345        0        0     1.05     0.95 0 1;
  19 100      345        0        0     1.05     0.95 0 1;
  22 100      345        0        0     1.05     0.95 0 1;
   ];

Shunt.con = [ ...
   4 100      345 60        0        1 1;
   5 100      345 60        0        2 1;
   ];

