% IEEE 118-bus test system
% From Power Systems Test Case Archive, University of Washington
% https://labs.ece.uw.edu/pstca/pf118/pg_tca118bus.htm
%
% Converted from IEEE CDF format to PSAT (MATLAB) format using PSAT (MATLAB)

Bus.con = [ ...
   1  100.00  0.95500  0.19150  1  1;
   2  100.00  0.97100  0.20092  1  1;
   3  100.00  0.96700  0.20693  1  1;
   4  100.00  0.99800  0.27182  1  1;
   5  100.00  1.00200  0.27958  1  1;
   6  100.00  0.99000  0.23197  1  1;
   7  100.00  0.98900  0.22422  1  1;
   8  100.00  1.01500  0.36722  1  1;
   9  100.00  1.04200  0.49382  1  1;
  10  100.00  1.05000  0.62614  1  1;
  11  100.00  0.98500  0.22698  1  1;
  12  100.00  0.99000  0.21796  1  1;
  13  100.00  0.96800  0.20296  1  1;
  14  100.00  0.98300  0.20544  1  1;
  15  100.00  0.97000  0.20026  1  1;
  16  100.00  0.98300  0.21270  1  1;
  17  100.00  0.99500  0.24426  1  1;
  18  100.00  0.97300  0.20560  1  1;
  19  100.00  0.96200  0.19747  1  1;
  20  100.00  0.95600  0.21277  1  1;
  21  100.00  0.95700  0.24047  1  1;
  22  100.00  0.96900  0.28503  1  1;
  23  100.00  0.99900  0.37085  1  1;
  24  100.00  0.99200  0.36849  1  1;
  25  100.00  1.05000  0.49182  1  1;
  26  100.00  1.01500  0.52290  1  1;
  27  100.00  0.96800  0.27234  1  1;
  28  100.00  0.96100  0.24222  1  1;
  29  100.00  0.96300  0.22489  1  1;
  30  100.00  0.98500  0.33219  1  1;
  31  100.00  0.96700  0.22691  1  1;
  32  100.00  0.96300  0.26285  1  1;
  33  100.00  0.97000  0.18942  1  1;
  34  100.00  0.98400  0.20090  1  1;
  35  100.00  0.98000  0.19295  1  1;
  36  100.00  0.98000  0.19295  1  1;
  37  100.00  0.99000  0.20885  1  1;
  38  100.00  0.96100  0.29857  1  1;
  39  100.00  0.97000  0.14969  1  1;
  40  100.00  0.97000  0.13082  1  1;
  41  100.00  0.96600  0.12307  1  1;
  42  100.00  0.98500  0.15102  1  1;
  43  100.00  0.97700  0.20001  1  1;
  44  100.00  0.98400  0.24335  1  1;
  45  100.00  0.98600  0.27527  1  1;
  46  100.00  1.00500  0.32419  1  1;
  47  100.00  1.01700  0.36301  1  1;
  48  100.00  1.02000  0.34938  1  1;
  49  100.00  1.02500  0.36689  1  1;
  50  100.00  1.00100  0.33130  1  1;
  51  100.00  0.96600  0.28561  1  1;
  52  100.00  0.95600  0.26896  1  1;
  53  100.00  0.94600  0.25196  1  1;
  54  100.00  0.95500  0.26787  1  1;
  55  100.00  0.95200  0.26281  1  1;
  56  100.00  0.95400  0.26606  1  1;
  57  100.00  0.97000  0.28709  1  1;
  58  100.00  0.95900  0.27213  1  1;
  59  100.00  0.98500  0.33943  1  1;
  60  100.00  0.99300  0.40544  1  1;
  61  100.00  0.99500  0.42099  1  1;
  62  100.00  0.99800  0.41022  1  1;
  63  100.00  0.96800  0.39841  1  1;
  64  100.00  0.98300  0.42923  1  1;
  65  100.00  1.00500  0.48379  1  1;
  66  100.00  1.05000  0.48098  1  1;
  67  100.00  1.01900  0.43492  1  1;
  68  100.00  1.00300  0.48166  1  1;
  69  100.00  1.03500  0.52360  1  1;
  70  100.00  0.98400  0.39474  1  1;
  71  100.00  0.98600  0.38757  1  1;
  72  100.00  0.98000  0.36840  1  1;
  73  100.00  0.99100  0.38389  1  1;
  74  100.00  0.95800  0.37818  1  1;
  75  100.00  0.96700  0.40020  1  1;
  76  100.00  0.94300  0.38045  1  1;
  77  100.00  1.00600  0.46688  1  1;
  78  100.00  1.00300  0.46157  1  1;
  79  100.00  1.00900  0.46679  1  1;
  80  100.00  1.04000  0.50597  1  1;
  81  100.00  0.99600  0.49121  1  1;
  82  100.00  0.98800  0.47597  1  1;
  83  100.00  0.98400  0.49679  1  1;
  84  100.00  0.97900  0.54105  1  1;
  85  100.00  0.98500  0.56819  1  1;
  86  100.00  0.98600  0.54430  1  1;
  87  100.00  1.01500  0.54882  1  1;
  88  100.00  0.98700  0.62291  1  1;
  89  100.00  1.00500  0.69373  1  1;
  90  100.00  0.98500  0.58186  1  1;
  91  100.00  0.98000  0.58207  1  1;
  92  100.00  0.99000  0.59132  1  1;
  93  100.00  0.98500  0.53842  1  1;
  94  100.00  0.98900  0.50060  1  1;
  95  100.00  0.98000  0.48361  1  1;
  96  100.00  0.99200  0.48070  1  1;
  97  100.00  1.01100  0.48721  1  1;
  98  100.00  1.02300  0.47880  1  1;
  99  100.00  1.01000  0.47239  1  1;
 100  100.00  1.01700  0.48970  1  1;
 101  100.00  0.99100  0.51742  1  1;
 102  100.00  0.98900  0.56488  1  1;
 103  100.00  1.01000  0.42441  1  1;
 104  100.00  0.97100  0.37956  1  1;
 105  100.00  0.96500  0.36029  1  1;
 106  100.00  0.96100  0.35575  1  1;
 107  100.00  0.95200  0.30686  1  1;
 108  100.00  0.96600  0.33934  1  1;
 109  100.00  0.96700  0.33144  1  1;
 110  100.00  0.97300  0.31667  1  1;
 111  100.00  0.98000  0.34538  1  1;
 112  100.00  0.97500  0.26257  1  1;
 113  100.00  0.99300  0.24421  1  1;
 114  100.00  0.96000  0.25702  1  1;
 115  100.00  0.96000  0.25688  1  1;
 116  100.00  1.00500  0.47407  1  1;
 117  100.00  0.97300  0.19106  1  1;
 118  100.00  0.94900  0.38294  1  1;
  ];

SW.con = [ ...
  69 100.0 100.00  1.13500  0.00000  3.00000 -3.00000 1.1 0.9  5.13863 1 1 1;
  ];

