% Modified NPCC 140-bus system, only steady-state

% Original NPCC 140-bus system can be found at
% https://github.com/cuihantao/andes

Bus.con = [ ...
   1    1.00     1.0111      0.0866  1  1;
   2    1.00     1.0067      0.0727  1  1;
   3    1.00     1.0470      0.0719  1  1;
   4    1.00     1.0076      0.0735  1  1;
   5    1.00     1.0038      0.0427  1  1;
   6    1.00     1.0070      0.0338  1  1;
   7    1.00     1.0233      0.0580  1  1;
   8    1.00     1.0226      0.0361  1  1;
   9    1.00     1.0182      0.0201  1  1;
  10    1.00     1.0420      0.1391  1  1;
  11    1.00     0.9841      0.1133  1  1;
  12    1.00     1.0251      0.1047  1  1;
  13    1.00     1.0458      0.1872  1  1;
  14    1.00     1.0400      0.1821  1  1;
  15    1.00     1.0292      0.0611  1  1;
  16    1.00     1.0394      0.0796  1  1;
  17    1.00     1.0398      0.0585  1  1;
  18    1.00     1.0260      0.0276  1  1;
  19    1.00     1.0408      0.1143  1  1;
  20    1.00     1.0416      0.1610  1  1;
  21    1.00     0.9800      0.2274  1  1;
  22    1.00     0.9900      0.2315  1  1;
  23    1.00     1.0066      0.2041  1  1;
  24    1.00     1.0500      0.2808  1  1;
  25    1.00     1.0600      0.3203  1  1;
  26    1.00     1.0200      0.2815  1  1;
  27    1.00     1.0200      0.2007  1  1;
  28    1.00     1.0507      0.0583  1  1;
  29    1.00     1.0251      0.0583  1  1;
  30    1.00     1.0147      0.0142  1  1;
  31    1.00     0.9947      0.0084  1  1;
  32    1.00     0.9992      0.0338  1  1;
  33    1.00     1.0019      0.0461  1  1;
  34    1.00     0.9918      0.0101  1  1;
  35    1.00     0.9911      0.0026  1  1;
  36    1.00     0.9800      0.1952  1  1;
  37    1.00     1.0360      0.0837  1  1;
  38    1.00     1.0355      0.1252  1  1;
  39    1.00     1.0349      0.0595  1  1;
  40    1.00     1.0018      0.0122  1  1;
  41    1.00     1.0347     -0.0548  1  1;
  42    1.00     1.0400     -0.0392  1  1;
  43    1.00     1.0438      0.1508  1  1;
  44    1.00     1.0401      0.1198  1  1;
  45    1.00     1.0379      0.0740  1  1;
  46    1.00     1.0433      0.1160  1  1;
  47    1.00     1.0300      0.2126  1  1;
  48    1.00     1.0500      0.2714  1  1;
  49    1.00     0.9435     -0.0164  1  1;
  50    1.00     1.0500      0.2364  1  1;
  51    1.00     1.0400      0.1540  1  1;
  52    1.00     1.0405      0.3465  1  1;
  53    1.00     1.0300      0.3218  1  1;
  54    1.00     1.0408      0.4802  1  1;
  55    1.00     1.0400      0.4679  1  1;
  56    1.00     1.0300      0.4786  1  1;
  57    1.00     1.0300      0.4604  1  1;
  58    1.00     1.0020      0.4380  1  1;
  59    1.00     1.0232      0.3975  1  1;
  60    1.00     1.0400      0.5377  1  1;
  61    1.00     1.0400      0.4799  1  1;
  62    1.00     1.0104      0.4269  1  1;
  63    1.00     1.0028      0.3135  1  1;
  64    1.00     1.0055      0.2595  1  1;
  65    1.00     1.0400      0.2813  1  1;
  66    1.00     1.0193      0.3663  1  1;
  67    1.00     1.0021      0.2939  1  1;
  68    1.00     0.9900      0.2255  1  1;
  69    1.00     1.0178      0.2533  1  1;
  70    1.00     0.9987      0.2401  1  1;
  71    1.00     1.0000      0.1978  1  1;
  72    1.00     1.0500      0.1810  1  1;
  73    1.00     1.0295      0.0298  1  1;
  74    1.00     1.0268      0.0054  1  1;
  75    1.00     1.0425      0.0214  1  1;
  76    1.00     1.0485      0.0133  1  1;
  77    1.00     1.0360      0.0096  1  1;
  78    1.00     1.0200           0  1  1;
  79    1.00     1.0500      0.1426  1  1;
  80    1.00     1.0232      0.0110  1  1;
  81    1.00     1.0208     -0.0578  1  1;
  82    1.00     1.0500      0.1321  1  1;
  83    1.00     1.0098      0.4055  1  1;
  84    1.00     1.0138      0.4139  1  1;
  85    1.00     1.0797      0.6115  1  1;
  86    1.00     1.0000      0.7053  1  1;
  87    1.00     1.0196      0.5754  1  1;
  88    1.00     1.0514      0.5580  1  1;
  89    1.00     1.0184      0.5174  1  1;
  90    1.00     1.0127      0.5157  1  1;
  91    1.00     1.0400      0.2139  1  1;
  92    1.00     1.0400      0.3446  1  1;
  93    1.00     0.9766      0.1529  1  1;
  94    1.00     0.9770      0.1572  1  1;
  95    1.00     0.9789      0.2738  1  1;
  96    1.00     1.0260      0.2837  1  1;
  97    1.00     1.0400      0.2639  1  1;
  98    1.00     1.0400      0.5715  1  1;
  99    1.00     1.0396      0.5596  1  1;
 100    1.00     1.0428      0.4693  1  1;
 101    1.00     1.0500      0.4382  1  1;
 102    1.00     1.0211      0.4581  1  1;
 103    1.00     1.0117      0.4548  1  1;
 104    1.00     1.0066      0.2468  1  1;
 105    1.00     1.0317      0.4250  1  1;
 106    1.00     1.0090      0.2710  1  1;
 107    1.00     1.0188      0.2936  1  1;
 108    1.00     1.0099      0.2596  1  1;
 109    1.00     1.0099      0.2592  1  1;
 110    1.00     1.0108      0.2343  1  1;
 111    1.00     0.9830      0.1954  1  1;
 112    1.00     1.0485      0.5085  1  1;
 113    1.00     1.0107      0.3974  1  1;
 114    1.00     1.0059      0.5249  1  1;
 115    1.00     1.0200      0.5725  1  1;
 116    1.00     1.0071      0.4619  1  1;
 117    1.00     1.0062      0.5288  1  1;
 118    1.00     1.0003      0.5455  1  1;
 119    1.00     1.0000      0.5182  1  1;
 120    1.00     1.0200      0.4564  1  1;
 121    1.00     1.0400      0.5652  1  1;
 122    1.00     1.0500      0.5569  1  1;
 123    1.00     1.0100      0.6471  1  1;
 124    1.00     1.0417      0.0409  1  1;
 125    1.00     1.0207     -0.0601  1  1;
 126    1.00     1.0208     -0.0950  1  1;
 127    1.00     1.0463      0.1139  1  1;
 128    1.00     1.0375      0.0470  1  1;
 129    1.00     1.0229      0.1554  1  1;
 130    1.00     1.0200      0.2122  1  1;
 131    1.00     1.0261      0.2333  1  1;
 132    1.00     1.0393      0.3410  1  1;
 133    1.00     1.0200      0.5988  1  1;
 134    1.00     1.0300      0.4475  1  1;
 135    1.00     1.0200      0.6102  1  1;
 136    1.00     1.0006      0.3441  1  1;
 137    1.00     1.0400      0.3547  1  1;
 138    1.00     0.9700      0.2386  1  1;
 139    1.00     1.0100      0.5090  1  1;
 140    1.00     1.0413      0.5375  1  1;
  ];

SW.con = [ ...
  78 100.0   1.00  1.02000  0.00000  9.99000 -9.99000 1.1 0.9  6.32100 1 1 1;
  ];

