% Modified WECC test system, with 181 buses
% Modified from WECC 179-bus system

Bus.con = [ ...
        1         500     0.99361   -0.357138     10     10;
        2         345     1.02903   -0.206638     10     10;
        3          20     1.01148   -0.241871     10     10;
        4         345     1.01368    0.216182     60     70;
        5          20     1.01712     0.33026     60     70;
        6         500     1.12547   -0.161904     10     10;
        7         345     1.04845   -0.110216     10     10;
        8          20     1.01935   0.0037542     10     10;
        9         230     1.04664      -0.119     10     10;
       10          20           1    0.508898     10     10;
       11         500     1.15161   -0.378551     10     10;
       12          20     1.08081   -0.286538     10     10;
       13         500     1.15234   -0.392263     10     10;
       14          20     1.03911   -0.352433     10     10;
       15         500      1.1295    -0.47092     10     10;
       16         345     1.06265  -0.0952374     10     10;
       17          20        1.01  -0.0449318     10     10;
       18         500     1.13748     -0.4686     10     10;
       19         500     1.14341   -0.362924     10     10;
       20         500      1.1509   -0.407749     10     10;
       21         500     1.12344   -0.349588     10     10;
       22         500     1.10525   -0.498223     10     10;
       23         500     1.14048   -0.368668     10     10;
       24         500     1.12042   -0.492802     10     10;
       25         500     1.14954   -0.259667     10     10;
       26         500     1.02866   -0.672774     10     10;
       27         500     1.11272   -0.127842     10     10;
       28         500     1.13373   -0.479798     10     10;
       29          20     1.05527    0.313484     50     50;
       30         500     1.09433    0.254122     50     50;
       31         500     1.03936    0.743889     50     50;
       32         230     0.99847    0.825375     50     50;
       33         230     1.00373    0.981481     50     50;
       34          20        1.02     1.06715     50     50;
       35          22     1.06125 6.10865e-05     60     63;
       36         500     1.07297   -0.667472     90     90;
       37         500     1.09333   -0.736943     90     90;
       38         230     1.04123    -0.75497     26     26;
       39          20     1.02393   -0.732291     26     26;
       40         230     1.04269   -0.817374     26     26;
       41         230     1.04467   -0.812346     26     26;
       42          20     1.00496   -0.755536     26     26;
       43         345     1.06442   -0.108881     90     90;
       44          20     1.06068  -0.0294838     90     90;
       45         230     1.04611   -0.760897     26     26;
       46          20     1.01546   -0.753916     26     26;
       47         230     1.04566   -0.764494     26     26;
       48         500     1.08445   -0.724223     26     26;
       49         230     1.03943   -0.832704     26     26;
       50         138     1.04793   -0.833564     26     26;
       51         287     1.05183   -0.813454     26     26;
       52         287     1.05183   -0.813454     26     26;
       53         230     1.04287   -0.837133     26     26;
       54         230     1.04048   -0.802497     26     26;
       55         500     1.05779     -0.7617     26     26;
       56         230     1.04058   -0.833281     26     26;
       57         230     1.04059   -0.821465     26     26;
       58         230     1.04267   -0.782824     26     26;
       59         230     1.04935   -0.752734     90     90;
       60         230     1.03068   -0.771713     24     24;
       61         230     1.04229   -0.784896     26     26;
       62         287     1.06562   -0.707366     26     26;
       63         500     1.07102   -0.672896     26     26;
       64          20        1.08    0.751048     60     62;
       65         500     1.13557    0.625851     60     62;
       66         115     1.04177   -0.306356     40     40;
       67         230     1.03973    -0.26299     40     40;
       68         500     1.08364   -0.240588     40     40;
       69          20        1.03   -0.141455     40     40;
       70         230     1.03577   -0.272298     90     90;
       71         500     1.08226    -0.24244     40     40;
       72         500     1.10766   0.0709948     60     62;
       73         500     1.11555  -0.0574894     40     41;
       74         500     1.09515   -0.299684     60     62;
       75         500     1.11457   -0.204924     40     40;
       76          20     1.04512           0     40     40;
       77         500      1.1403  -0.0586762     40     41;
       78          20      1.0647    0.337292     40     42;
       79         500     1.11464    0.116326     40     42;
       80         500     1.11137   -0.346123     40     40;
       81         500     1.12109   -0.306352     40     40;
       82         500     1.12407    -0.40741     40     40;
       83         500     1.12132   -0.120382     61     61;
       84         345       1.053  -0.0633729     61     61;
       85         500     1.11895   -0.325619     40     40;
       86         500      1.1295   -0.333295     40     40;
       87         500      1.1179   -0.287875     40     40;
       88         500     1.10339    -0.25996     40     40;
       89         500     1.12464   -0.350759     40     40;
       90         500     1.14661   -0.381674     40     40;
       91         500     1.12366   -0.308236     40     40;
       92         500     1.13655   -0.392655     40     40;
       93         500     1.12813   -0.319191     40     40;
       94         500     1.14647   -0.385793     40     40;
       95         500     1.12341    -0.30826     40     40;
       96         500     1.13621   -0.397359     40     40;
       97         500     1.12758   -0.319781     40     40;
       98         500     1.01905   0.0888425     40     40;
       99         230     1.03177   -0.562958     39     39;
      100         230     1.12739   -0.507795     39     39;
      101         500     1.09283   -0.739168     38     38;
      102          20     1.05077   -0.679542     38     38;
      103         500     1.07607   -0.764472     38     38;
      104         230     1.02175    -0.55503     39     39;
      105         230     1.11621   -0.571471     39     39;
      106         500     1.06808   -0.795259     39     39;
      107         500     1.07043   -0.779176     38     38;
      108         230     1.13261   -0.829026     38     38;
      109         500     1.06526   -0.799719     39     39;
      110         500     1.10947   -0.529083     80     80;
      111          20     1.07075   -0.267421     39     39;
      112         230     1.15677   -0.429817     39     39;
      113         500     1.08067   -0.481978     39     39;
      114         500     1.06166   -0.516185     39     39;
      115          20       1.012   -0.576501     39     39;
      116         200     1.08072     -0.6511     39     39;
      117          20       1.012   -0.491677     39     39;
      118         500     0.99117     -0.6343     39     39;
      119         500     1.12426   -0.428367     80     80;
      120         500     1.07766   -0.629619     80     80;
      121         500     1.10132   -0.524613     80     80;
      122         500     1.03251   -0.754851     80     80;
      123         500     1.08706   -0.431355     39     39;
      124         500     1.04974   -0.551521     39     39;
      125         500     1.08706   -0.431355     39     39;
      126         500     1.04974   -0.551521     39     39;
      127         500     1.07966   -0.407515     39     39;
      128         500     1.00804   -0.756956     39     39;
      129         500     1.09103   -0.436997     39     39;
